Edge,Weight
"(0, 1)",7.448223381288699e-05
"(0, 2)",0.0007500190392602235
"(0, 39)",4.8463484807115265e-06
"(0, 40)",1.9655412367569626e-06
"(0, 41)",0.9288905006635468
"(0, 42)",0.010603753861505538
"(0, 43)",7.309449895828307e-08
"(0, 90)",4.241183678033167e-07
"(0, 118)",1.6510257226591236e-07
"(0, 119)",4.851672390202566e-06
"(0, 120)",3.4546254034285556e-07
"(0, 122)",5.708006841587121e-05
"(0, 123)",0.01556140341097489
"(0, 124)",0.021967004442121834
"(0, 125)",0.0012342838394397405
"(0, 126)",7.598090982355643e-05
"(0, 127)",7.563836230417565e-07
"(0, 150)",1.2931516783609708e-07
"(1, 0)",7.448223381288699e-05
"(1, 2)",0.0021299480940797366
"(1, 3)",2.9921475293122056e-05
"(1, 4)",4.534082797036376e-07
"(1, 33)",1.2748165474363303e-07
"(1, 38)",2.2520332725734652e-06
"(1, 39)",4.4191352544658e-05
"(1, 40)",0.004044925213092938
"(1, 41)",0.00013318359737411357
"(1, 42)",6.47453470179471e-07
"(1, 43)",1.1696509563563495e-07
"(1, 119)",1.6155810701367168e-07
"(1, 123)",3.217737834783204e-08
"(1, 124)",8.292621917462384e-05
"(1, 125)",0.0002982792006878299
"(1, 126)",0.5528528090799227
"(1, 127)",0.001960970002655813
"(1, 128)",0.0459691671654582
"(1, 129)",5.336081591167385e-07
"(1, 145)",2.8427848015298453e-08
"(1, 150)",5.258369989959988e-06
"(1, 151)",0.0006897094104670032
"(1, 152)",2.126663820632757e-05
"(1, 153)",0.02238591986395477
"(1, 154)",1.5132860876856526e-08
"(1, 155)",3.1866642103750563e-06
"(1, 180)",3.106644932096003e-06
"(1, 182)",6.939566968355849e-07
"(2, 0)",0.0007500190392602235
"(2, 1)",0.0021299480940797366
"(2, 3)",0.005755274613620714
"(2, 4)",0.002697450825944543
"(2, 5)",1.4437496774633018e-06
"(2, 34)",2.2356494651987192e-07
"(2, 38)",1.0277791578355671e-06
"(2, 39)",5.598902850323384e-07
"(2, 40)",0.0065571387333329765
"(2, 41)",0.0004357811105728615
"(2, 42)",0.019870236322749407
"(2, 43)",0.002169579573965166
"(2, 44)",0.0023402836013701744
"(2, 45)",5.815260853361549e-07
"(2, 88)",1.2538135345150738e-07
"(2, 89)",1.8905883761632935e-07
"(2, 90)",3.625320737683069e-05
"(2, 91)",4.432569887313775e-07
"(2, 93)",1.8191137785173733e-07
"(2, 105)",1.133160883881601e-07
"(2, 115)",5.368700509293944e-06
"(2, 116)",6.719938836964371e-09
"(2, 118)",2.9294362878609093e-05
"(2, 119)",0.0051063468945085335
"(2, 120)",3.814696425638313e-07
"(2, 122)",8.149628140472487e-06
"(2, 123)",7.607451322044767e-06
"(2, 124)",0.07523460651747882
"(2, 125)",1.788366198525182e-05
"(2, 126)",6.996547710514279e-05
"(2, 127)",0.02497577517759055
"(2, 128)",0.0005307078682380962
"(2, 129)",7.405236380009228e-06
"(2, 130)",3.100234359720844e-07
"(2, 145)",7.389640345678572e-07
"(2, 150)",3.236747491882852e-05
"(2, 151)",8.844495766879845e-07
"(2, 152)",1.5688078687503548e-06
"(2, 153)",1.4769003277592674e-06
"(2, 155)",2.741146894951944e-08
"(3, 1)",2.9921475293122056e-05
"(3, 2)",0.005755274613620714
"(3, 4)",0.005234010069398209
"(3, 5)",0.015152534497901797
"(3, 6)",4.638042603914983e-06
"(3, 8)",1.1014022850197592e-07
"(3, 30)",0.00022384543341104292
"(3, 31)",2.481750798255801e-07
"(3, 33)",0.0008291362701129401
"(3, 34)",0.0029959961242275314
"(3, 37)",2.3163214597765604e-06
"(3, 38)",0.0005140019565217635
"(3, 39)",2.2593020538863583e-07
"(3, 40)",0.2507528642565012
"(3, 41)",1.9766644205887473e-07
"(3, 42)",2.7055264845188277e-06
"(3, 43)",0.05347313773585483
"(3, 44)",0.0003751444726185582
"(3, 45)",4.7137509042158854e-05
"(3, 46)",2.892560798946377e-07
"(3, 84)",3.22011604509953e-07
"(3, 86)",8.576678922622705e-09
"(3, 88)",1.562075040169475e-05
"(3, 89)",1.9385446480555403e-05
"(3, 90)",1.0506110172414652e-06
"(3, 91)",4.2994282065261136e-09
"(3, 115)",1.4204511842494426e-08
"(3, 119)",3.524403141855456e-07
"(3, 124)",4.286102022757546e-07
"(3, 126)",1.8423686513221692e-08
"(3, 127)",0.00013582109594608482
"(3, 128)",0.01039055518223904
"(3, 129)",0.0005265766099182656
"(3, 130)",0.013763762402813882
"(3, 131)",9.491295130032994e-06
"(3, 138)",7.763179807440679e-08
"(3, 141)",5.273950920874393e-08
"(3, 142)",5.0233451971439916e-09
"(3, 152)",1.1401426938562054e-07
"(3, 153)",6.222369966479846e-06
"(3, 154)",1.108452657234693e-06
"(3, 155)",0.0003099323211063165
"(3, 158)",2.8471108676058067e-05
"(3, 159)",6.000321786728617e-08
"(3, 184)",9.070190448405422e-07
"(4, 1)",4.534082797036376e-07
"(4, 2)",0.002697450825944543
"(4, 3)",0.005234010069398209
"(4, 5)",0.0014329254154290538
"(4, 6)",0.0029042856392334213
"(4, 7)",1.7729882318917588e-06
"(4, 8)",4.319306061706385e-08
"(4, 30)",1.3387473382309168e-07
"(4, 34)",1.3995949597931243e-08
"(4, 40)",8.298413641796287e-06
"(4, 42)",7.998558510280418e-07
"(4, 43)",9.22115601679252e-05
"(4, 44)",0.021281215187627822
"(4, 45)",0.0012517182895862788
"(4, 46)",0.0018517354319919832
"(4, 89)",2.2344983597122336e-06
"(4, 90)",1.2728852704313454e-07
"(4, 91)",1.6657531375585678e-06
"(4, 92)",6.146637835513502e-07
"(4, 93)",8.639391784527106e-05
"(4, 95)",8.142019526591326e-08
"(4, 103)",4.456776944412744e-06
"(4, 104)",0.0007188542594803949
"(4, 105)",0.00033464513144281226
"(4, 107)",2.766990261081341e-07
"(4, 115)",0.0030976061860746996
"(4, 116)",3.582245349598168e-07
"(4, 118)",3.1315502887100685e-06
"(4, 119)",0.000656279054327058
"(4, 124)",7.722049086851257e-06
"(4, 127)",0.013190596168860792
"(4, 128)",7.601224158861442e-05
"(4, 129)",0.05061521367169917
"(4, 130)",0.0002618677748250775
"(4, 131)",1.413899066006863e-05
"(4, 137)",8.553928974919245e-08
"(4, 138)",1.3486487282534655e-05
"(4, 141)",0.0030613296839874238
"(4, 142)",5.872608040590421e-05
"(4, 144)",1.6505043612724534e-07
"(4, 145)",0.0001545399654423818
"(4, 148)",1.295915758627769e-08
"(4, 150)",9.127252595817482e-06
"(4, 152)",1.894202310950277e-05
"(4, 153)",7.227901602936752e-08
"(4, 154)",2.8944242038164703e-06
"(4, 155)",4.2781911517408845e-07
"(5, 2)",1.4437496774633018e-06
"(5, 3)",0.015152534497901797
"(5, 4)",0.0014329254154290538
"(5, 6)",0.002616714547621086
"(5, 7)",2.364776970125604e-05
"(5, 8)",0.004995448731351644
"(5, 9)",5.867410352777825e-07
"(5, 26)",1.3413630699687929e-05
"(5, 27)",2.491063849902275e-05
"(5, 29)",4.5810759396299453e-07
"(5, 30)",0.017714285568799823
"(5, 31)",2.2152878086877654e-05
"(5, 33)",2.7099350782577857e-06
"(5, 34)",0.00034646448291823616
"(5, 38)",1.8262783538368482e-07
"(5, 40)",5.524672502588146e-06
"(5, 43)",0.0018327176390448585
"(5, 44)",0.0004848519283405039
"(5, 45)",0.1104985324665904
"(5, 46)",0.0003468967823209823
"(5, 47)",2.73552438244451e-06
"(5, 80)",0.00018254516525303187
"(5, 84)",0.002782746387820225
"(5, 85)",6.093237243831595e-07
"(5, 86)",2.0156496505023823e-05
"(5, 87)",8.187489375924298e-08
"(5, 88)",1.7466669582972827e-05
"(5, 89)",0.0038534819753840567
"(5, 90)",1.0996861158574234e-07
"(5, 91)",5.510384082185738e-07
"(5, 92)",9.969523332529207e-06
"(5, 93)",2.7051080458306843e-07
"(5, 104)",3.2974694792442416e-07
"(5, 115)",6.341166927126498e-08
"(5, 127)",8.113077988980421e-08
"(5, 128)",7.367138613290081e-07
"(5, 129)",6.41523823605894e-05
"(5, 130)",0.019254010641016065
"(5, 131)",0.006197463670396246
"(5, 132)",3.56335624616122e-06
"(5, 138)",2.617363246883997e-06
"(5, 141)",5.674907617603253e-07
"(5, 154)",1.5886024855158543e-08
"(5, 155)",8.138943854163472e-07
"(5, 158)",1.2932709191773028e-05
"(5, 159)",6.753446680107799e-07
"(6, 3)",4.638042603914983e-06
"(6, 4)",0.0029042856392334213
"(6, 5)",0.002616714547621086
"(6, 7)",0.1340153808519244
"(6, 8)",0.00043460209009026584
"(6, 9)",9.059529727153404e-06
"(6, 12)",6.216079027581145e-06
"(6, 20)",6.930374316094223e-09
"(6, 23)",3.877765363134876e-09
"(6, 26)",1.8739179763826996e-06
"(6, 27)",2.9951924027288276e-08
"(6, 30)",2.826887462106242e-06
"(6, 43)",3.95464612497394e-09
"(6, 44)",3.491986888093379e-06
"(6, 45)",0.0007652965254237642
"(6, 46)",0.0921217158716172
"(6, 47)",2.881933264688996e-06
"(6, 48)",3.85709049666616e-06
"(6, 71)",3.3133868787712088e-09
"(6, 80)",1.3684887173326387e-06
"(6, 84)",2.244188861187929e-07
"(6, 89)",9.950539084258026e-08
"(6, 92)",4.0157228990977957e-07
"(6, 93)",7.388060019053455e-07
"(6, 95)",8.300402355871484e-05
"(6, 101)",1.108871974923115e-07
"(6, 102)",7.648062526783548e-08
"(6, 103)",5.669417072171168e-05
"(6, 104)",0.0034512186737811136
"(6, 105)",1.8634744091627909e-06
"(6, 106)",6.407259748336753e-08
"(6, 107)",3.715414732770073e-07
"(6, 115)",2.7235946558334947e-06
"(6, 127)",1.9522512785030698e-07
"(6, 128)",2.553831224014138e-09
"(6, 129)",0.004508816095185466
"(6, 130)",0.001059817425266374
"(6, 131)",0.09867056322516873
"(6, 132)",0.0006751636343142309
"(6, 133)",0.00014176459455029545
"(6, 134)",7.040107456077749e-06
"(6, 135)",2.406219287441761e-08
"(6, 136)",1.9281419559646908e-07
"(6, 137)",0.007178457286208868
"(6, 138)",0.047808287469670176
"(6, 139)",1.591789213526182e-07
"(6, 140)",1.3406875167731869e-06
"(6, 141)",0.022252577350009232
"(6, 142)",2.6722215543486528e-05
"(6, 144)",4.129290338106273e-08
"(6, 145)",2.0153396489419607e-07
"(6, 154)",4.258082427668342e-06
"(6, 155)",2.3713692232085748e-08
"(6, 158)",8.453945062027074e-08
"(6, 159)",2.3059912707594775e-05
"(6, 160)",9.962178199884875e-07
"(6, 161)",6.493335368834507e-08
"(6, 174)",4.838370148072332e-08
"(7, 4)",1.7729882318917588e-06
"(7, 5)",2.364776970125604e-05
"(7, 6)",0.1340153808519244
"(7, 8)",0.0011537431639590068
"(7, 9)",0.017635103979264388
"(7, 10)",3.828838184328114e-08
"(7, 11)",5.804679015852799e-07
"(7, 12)",0.007262204919243231
"(7, 13)",1.0868583626688632e-06
"(7, 18)",2.5419500602197333e-07
"(7, 20)",4.70866066477091e-07
"(7, 23)",1.1600450257276407e-07
"(7, 26)",1.199637685189714e-07
"(7, 27)",2.3445708997842918e-08
"(7, 44)",9.230965546351533e-09
"(7, 45)",0.00013989549726829863
"(7, 46)",0.0672043118532747
"(7, 47)",0.000729954902199097
"(7, 48)",0.015139009290724061
"(7, 49)",6.200039474890673e-07
"(7, 50)",1.877684540581015e-06
"(7, 70)",3.642326678914287e-06
"(7, 71)",0.000295593510963954
"(7, 77)",1.925197551796303e-08
"(7, 78)",2.410996206094751e-06
"(7, 80)",3.349725405087156e-05
"(7, 84)",1.7100698303749765e-07
"(7, 92)",2.2313173741395074e-06
"(7, 93)",2.3624041276093521e-07
"(7, 94)",1.0483002834860144e-06
"(7, 95)",0.00944344149378594
"(7, 96)",2.5503513032041055e-06
"(7, 100)",3.1838377922864804e-08
"(7, 101)",1.3872063418460811e-05
"(7, 102)",2.9598109290118578e-06
"(7, 103)",7.136231784463654e-06
"(7, 104)",0.0005113670446553442
"(7, 106)",3.668156303328747e-07
"(7, 107)",2.0387850213765545e-06
"(7, 115)",4.534986716765466e-08
"(7, 129)",5.764778975247964e-07
"(7, 130)",5.390683475781089e-07
"(7, 131)",0.0007319429841300007
"(7, 132)",0.0017935230769217014
"(7, 133)",0.00018005076108238428
"(7, 134)",8.417940396299173e-08
"(7, 136)",9.587468618477147e-07
"(7, 137)",0.05243904773844406
"(7, 138)",0.00010161045348013431
"(7, 140)",3.59538855165987e-07
"(7, 141)",7.004327083450335e-05
"(7, 159)",4.104760121029816e-08
"(7, 160)",1.3941809834605578e-07
"(8, 3)",1.1014022850197592e-07
"(8, 4)",4.319306061706385e-08
"(8, 5)",0.004995448731351644
"(8, 6)",0.00043460209009026584
"(8, 7)",0.0011537431639590068
"(8, 9)",0.0015710407728329301
"(8, 10)",2.487316018061847e-05
"(8, 11)",1.2206645841672525e-07
"(8, 12)",0.00010957018314911694
"(8, 13)",0.002851609099889174
"(8, 14)",7.357009810249337e-08
"(8, 19)",4.633066825426064e-08
"(8, 20)",1.827447132836113e-06
"(8, 22)",6.626037045265321e-07
"(8, 23)",0.0008480692775447097
"(8, 24)",3.890357909767772e-05
"(8, 25)",1.392250623837299e-06
"(8, 26)",0.003578955538177979
"(8, 27)",0.04765510005876422
"(8, 28)",1.2720056510541486e-08
"(8, 29)",2.6058266990958148e-06
"(8, 30)",0.0023638616452808492
"(8, 31)",1.1736524056793485e-05
"(8, 34)",7.291009800841013e-08
"(8, 45)",0.000142728788578097
"(8, 46)",1.5344113533046765e-05
"(8, 47)",3.9829935408306485e-05
"(8, 48)",6.917772094078429e-08
"(8, 71)",6.093996622524856e-07
"(8, 77)",3.6860501353609195e-08
"(8, 78)",1.2625817591427335e-07
"(8, 79)",1.0828376947102924e-07
"(8, 80)",0.004191315927891992
"(8, 81)",0.001043263236169878
"(8, 82)",4.746107683217815e-06
"(8, 83)",1.390025260832317e-05
"(8, 84)",0.04163309270981699
"(8, 85)",4.265923234658686e-08
"(8, 86)",4.640559512267828e-06
"(8, 89)",2.6287164223504078e-06
"(8, 92)",2.2042361885965533e-07
"(8, 129)",1.872827545386756e-08
"(8, 130)",5.6086478575707585e-05
"(8, 131)",0.026208758500870316
"(8, 132)",0.017443679078132844
"(8, 133)",5.176735475203031e-06
"(8, 134)",1.936057859485242e-09
"(8, 137)",4.2804270862006887e-07
"(8, 138)",1.5250955250678543e-06
"(8, 158)",1.0025591517148768e-06
"(8, 159)",1.5558284467687144e-06
"(8, 160)",1.4750384460313626e-05
"(9, 5)",5.867410352777825e-07
"(9, 6)",9.059529727153404e-06
"(9, 7)",0.017635103979264388
"(9, 8)",0.0015710407728329301
"(9, 10)",0.0011811052464690873
"(9, 11)",0.0013559928408358247
"(9, 12)",0.014640291490359232
"(9, 13)",7.533899127338373e-05
"(9, 16)",1.9328166075638365e-06
"(9, 17)",1.057525795431502e-06
"(9, 18)",6.956604677377243e-07
"(9, 19)",1.5626520148790828e-07
"(9, 20)",4.221006323816991e-08
"(9, 23)",2.9363739791676833e-07
"(9, 27)",4.0858276271649176e-07
"(9, 45)",1.628301204902982e-05
"(9, 46)",6.342449620433399e-05
"(9, 47)",0.12840900041861458
"(9, 48)",0.002880079747774289
"(9, 49)",0.0001436616576279448
"(9, 50)",7.864227814877722e-06
"(9, 70)",3.2933184531884766e-05
"(9, 71)",0.14280804444104434
"(9, 72)",1.1258173469386179e-06
"(9, 73)",7.550385789123481e-07
"(9, 74)",1.9782915639089986e-07
"(9, 75)",2.90453236942767e-06
"(9, 76)",9.014911009330717e-07
"(9, 77)",0.0014686638749572011
"(9, 78)",0.0486610784381628
"(9, 79)",0.00042432845792063746
"(9, 80)",0.008498068081680686
"(9, 81)",8.630077568341221e-06
"(9, 82)",2.8459082141552016e-07
"(9, 84)",2.9705085910336493e-06
"(9, 86)",6.082689462780778e-08
"(9, 92)",6.484447389851766e-06
"(9, 94)",1.1338792482078475e-05
"(9, 95)",1.7267764675636954e-05
"(9, 96)",2.0151913335797243e-07
"(9, 104)",1.6623254440198765e-08
"(9, 131)",1.3787435256773505e-06
"(9, 132)",4.15893477827467e-05
"(9, 133)",1.6472789533321673e-07
"(9, 137)",2.8498367134233148e-06
"(10, 7)",3.828838184328114e-08
"(10, 8)",2.487316018061847e-05
"(10, 9)",0.0011811052464690873
"(10, 11)",0.0042579637991730125
"(10, 12)",2.160183674050131e-05
"(10, 13)",0.004676123414537869
"(10, 14)",1.2841520171491539e-06
"(10, 15)",0.00012427577878042938
"(10, 16)",0.0021532368575572034
"(10, 17)",7.1663661151433185e-06
"(10, 18)",3.967516802040734e-09
"(10, 19)",3.095486994020291e-06
"(10, 23)",2.4156629578442333e-06
"(10, 24)",1.582879039915497e-05
"(10, 27)",4.591572358663143e-06
"(10, 47)",4.06630530108032e-06
"(10, 70)",2.821939732999823e-08
"(10, 71)",5.371185810872703e-05
"(10, 74)",3.0588617756646614e-08
"(10, 75)",1.1336227870515359e-05
"(10, 76)",0.0013244273245800286
"(10, 77)",0.07671059682965278
"(10, 78)",0.0006841925485787214
"(10, 79)",0.006398399307799991
"(10, 80)",6.3816532724843e-05
"(10, 81)",0.03402672653086483
"(10, 82)",0.007911755276145413
"(10, 83)",9.205328960888437e-06
"(10, 84)",2.4086915142795817e-06
"(10, 132)",2.2168344834483378e-07
"(11, 7)",5.804679015852799e-07
"(11, 8)",1.2206645841672525e-07
"(11, 9)",0.0013559928408358247
"(11, 10)",0.0042579637991730125
"(11, 12)",0.006661601235391572
"(11, 13)",9.18820442257129e-05
"(11, 14)",1.1740500148960109e-07
"(11, 15)",7.05365102385258e-05
"(11, 16)",0.11734524132683873
"(11, 17)",0.45097557064145805
"(11, 18)",0.0011282365558145102
"(11, 19)",0.0002662389281476862
"(11, 20)",3.4376575644756715e-07
"(11, 23)",7.091840760864443e-08
"(11, 47)",4.763536770013843e-07
"(11, 48)",1.5226611600382966e-05
"(11, 49)",2.813835334336545e-07
"(11, 50)",4.371817049673155e-06
"(11, 57)",1.2092608919545e-06
"(11, 67)",2.163563411421296e-08
"(11, 68)",1.3684440095858009e-05
"(11, 69)",2.861508299702109e-05
"(11, 70)",0.006428441219613887
"(11, 71)",0.11990933742374182
"(11, 72)",0.00017600159540961613
"(11, 73)",9.266239402450082e-08
"(11, 74)",2.5600803237145066e-07
"(11, 75)",0.000534834502323065
"(11, 76)",0.00012032311396069417
"(11, 77)",0.8328838790953159
"(11, 78)",0.004232979327207431
"(11, 79)",1.2133231372217779e-05
"(11, 80)",3.5440282883465187e-08
"(11, 81)",1.2125682115993186e-06
"(11, 132)",3.0166007626064583e-07
"(12, 6)",6.216079027581145e-06
"(12, 7)",0.007262204919243231
"(12, 8)",0.00010957018314911694
"(12, 9)",0.014640291490359232
"(12, 10)",2.160183674050131e-05
"(12, 11)",0.006661601235391572
"(12, 13)",0.0012575474454206415
"(12, 14)",3.909453981876254e-07
"(12, 15)",2.083745921494604e-07
"(12, 16)",0.00010813007944307173
"(12, 17)",0.00018716598289756804
"(12, 18)",0.013574222198221832
"(12, 19)",0.0009109762795583265
"(12, 20)",0.0011291206131863872
"(12, 22)",3.252755629924918e-08
"(12, 23)",3.226854235208521e-05
"(12, 24)",7.50531703832223e-08
"(12, 26)",1.2922607965037968e-07
"(12, 27)",5.572181369583816e-08
"(12, 46)",5.192543500953661e-07
"(12, 47)",3.0101947317007216e-06
"(12, 48)",0.002255534906653338
"(12, 49)",9.893746868523959e-09
"(12, 50)",4.7297660975687e-06
"(12, 56)",2.3846432701495654e-07
"(12, 57)",4.1335300200158235e-08
"(12, 67)",7.123317506909643e-06
"(12, 68)",1.4022058425666728e-06
"(12, 69)",2.1194513420112304e-08
"(12, 70)",0.005248806619783863
"(12, 71)",0.02896595000755042
"(12, 72)",5.990300834493169e-08
"(12, 77)",4.0266860798965355e-05
"(12, 78)",2.108126631583218e-05
"(12, 79)",1.8234783496906484e-09
"(12, 80)",4.4594267670561296e-07
"(12, 81)",8.827748156647886e-07
"(12, 95)",2.353319779260232e-06
"(12, 96)",4.960905749296222e-09
"(12, 101)",4.038169905678896e-08
"(12, 102)",3.24047092620407e-07
"(12, 131)",5.419082982598411e-06
"(12, 132)",0.010371186923002824
"(12, 133)",0.0008075258637836669
"(12, 134)",3.761229194765292e-09
"(12, 135)",1.205003552406936e-07
"(12, 136)",4.34258073056526e-06
"(12, 137)",0.0002971497346698015
"(12, 138)",2.312980610774673e-07
"(12, 160)",1.7975476477261053e-06
"(12, 161)",5.505292654106597e-07
"(12, 162)",6.600390696007708e-06
"(13, 7)",1.0868583626688632e-06
"(13, 8)",0.002851609099889174
"(13, 9)",7.533899127338373e-05
"(13, 10)",0.004676123414537869
"(13, 11)",9.18820442257129e-05
"(13, 12)",0.0012575474454206415
"(13, 14)",0.013571904306299985
"(13, 15)",0.00027159136228874556
"(13, 16)",0.0010993879975285381
"(13, 17)",1.609670415234632e-06
"(13, 18)",1.87910306408412e-06
"(13, 19)",0.004155830926465569
"(13, 20)",0.0007739863284223248
"(13, 21)",9.589250453245768e-06
"(13, 22)",0.0005180731018299412
"(13, 23)",0.4535618578642607
"(13, 24)",0.0791528138378635
"(13, 25)",5.795620887511177e-05
"(13, 26)",0.0001473968194659392
"(13, 27)",0.0021579450028366407
"(13, 28)",1.500089175576002e-07
"(13, 29)",1.7308390169465492e-08
"(13, 30)",1.8340555056894915e-07
"(13, 71)",1.7932465600267734e-06
"(13, 77)",8.43577486364211e-06
"(13, 78)",1.2513603825063522e-07
"(13, 79)",5.3153616033085885e-08
"(13, 80)",1.1389529896632667e-06
"(13, 81)",0.10661828353069723
"(13, 82)",4.9221262415812816e-05
"(13, 83)",4.6404923596128354e-05
"(13, 84)",7.554730169658796e-06
"(13, 131)",8.822962022350112e-06
"(13, 132)",0.003149122695904225
"(13, 133)",2.1659390976935812e-06
"(13, 160)",2.4571511163458125e-05
"(13, 161)",7.397685764914143e-08
"(13, 162)",3.4635431545864923e-09
"(14, 8)",7.357009810249337e-08
"(14, 10)",1.2841520171491539e-06
"(14, 11)",1.1740500148960109e-07
"(14, 12)",3.909453981876254e-07
"(14, 13)",0.013571904306299985
"(14, 15)",0.005879417834803462
"(14, 16)",0.00019394362707316759
"(14, 17)",5.112493149272978e-08
"(14, 18)",6.675481027507146e-08
"(14, 19)",0.010402321510482579
"(14, 20)",0.00038440599855675827
"(14, 21)",0.01793067798578704
"(14, 22)",0.03610316037462326
"(14, 23)",0.030924892570474184
"(14, 24)",0.04521905103698373
"(14, 25)",0.0003050832629855904
"(14, 26)",2.0610938001475176e-06
"(14, 27)",2.6102807774464053e-06
"(14, 28)",7.231464818909524e-08
"(14, 81)",7.452439923326893e-05
"(14, 82)",4.462595660350837e-08
"(14, 83)",5.891549974279542e-07
"(14, 132)",2.891435202911907e-06
"(14, 160)",4.6964590652009974e-06
"(14, 161)",2.7578132215413812e-08
"(14, 162)",8.475939389209837e-09
"(15, 10)",0.00012427577878042938
"(15, 11)",7.05365102385258e-05
"(15, 12)",2.083745921494604e-07
"(15, 13)",0.00027159136228874556
"(15, 14)",0.005879417834803462
"(15, 16)",0.5009094791486859
"(15, 17)",0.0001340625782358984
"(15, 18)",6.127564815905373e-07
"(15, 19)",0.004135707981768064
"(15, 20)",3.426329189970545e-07
"(15, 21)",6.738990350640961e-07
"(15, 22)",1.3545305721730523e-07
"(15, 23)",2.4945504722495572e-06
"(15, 24)",1.565572689514738e-05
"(15, 76)",9.902682254124755e-08
"(15, 77)",7.025792270383136e-06
"(15, 81)",1.1614045355372582e-05
"(15, 82)",1.724302808803202e-07
"(16, 9)",1.9328166075638365e-06
"(16, 10)",0.0021532368575572034
"(16, 11)",0.11734524132683873
"(16, 12)",0.00010813007944307173
"(16, 13)",0.0010993879975285381
"(16, 14)",0.00019394362707316759
"(16, 15)",0.5009094791486859
"(16, 17)",0.127282869303599
"(16, 18)",0.0002599711220136669
"(16, 19)",0.04014007800142281
"(16, 20)",3.304986077665717e-06
"(16, 21)",8.761285628302383e-08
"(16, 23)",2.6308923659712493e-06
"(16, 24)",1.4949704723221657e-06
"(16, 68)",1.7617865242414154e-06
"(16, 69)",2.3649651296864248e-07
"(16, 70)",7.362411022313608e-06
"(16, 71)",1.9808702586487924e-05
"(16, 72)",2.2891301596494885e-08
"(16, 75)",8.304768592637402e-07
"(16, 76)",5.014266167506776e-06
"(16, 77)",0.0024941486137686295
"(16, 78)",1.3923836492324427e-06
"(16, 79)",4.97126885156679e-08
"(16, 81)",9.389880623302816e-06
"(16, 82)",8.167576186934867e-08
"(16, 132)",9.61321741049541e-08
"(17, 9)",1.057525795431502e-06
"(17, 10)",7.1663661151433185e-06
"(17, 11)",0.45097557064145805
"(17, 12)",0.00018716598289756804
"(17, 13)",1.609670415234632e-06
"(17, 14)",5.112493149272978e-08
"(17, 15)",0.0001340625782358984
"(17, 16)",0.127282869303599
"(17, 18)",0.023808587442617865
"(17, 19)",0.0010826310027914588
"(17, 20)",2.520881742995584e-07
"(17, 48)",2.6524035538599834e-07
"(17, 50)",3.9441800140593843e-07
"(17, 56)",1.540922208812893e-08
"(17, 57)",7.657785448600408e-06
"(17, 59)",4.4085212768541894e-08
"(17, 61)",5.147456363374658e-07
"(17, 63)",6.198190625639199e-07
"(17, 67)",1.0616906926941283e-06
"(17, 68)",0.006112127677188255
"(17, 69)",0.0019110757412272505
"(17, 70)",0.006766726515488699
"(17, 71)",0.00048597359345876613
"(17, 72)",2.111209839313233e-05
"(17, 75)",9.637981888772628e-06
"(17, 76)",9.505835338430302e-07
"(17, 77)",0.0012503850448410958
"(17, 78)",4.150733176118137e-06
"(18, 7)",2.5419500602197333e-07
"(18, 9)",6.956604677377243e-07
"(18, 10)",3.967516802040734e-09
"(18, 11)",0.0011282365558145102
"(18, 12)",0.013574222198221832
"(18, 13)",1.87910306408412e-06
"(18, 14)",6.675481027507146e-08
"(18, 15)",6.127564815905373e-07
"(18, 16)",0.0002599711220136669
"(18, 17)",0.023808587442617865
"(18, 19)",0.008987340224703076
"(18, 20)",0.0002915870062497561
"(18, 21)",6.070980321921191e-08
"(18, 23)",6.73927795391549e-08
"(18, 48)",6.679686580355338e-06
"(18, 50)",7.303387032209229e-07
"(18, 56)",4.40510600975057e-06
"(18, 57)",4.600593429984201e-06
"(18, 58)",2.4739886918013685e-08
"(18, 61)",2.1046727817974896e-05
"(18, 63)",0.0006633155474992236
"(18, 66)",6.384036547402161e-07
"(18, 67)",0.004402474018570501
"(18, 68)",0.029271618449129164
"(18, 69)",2.928720892896308e-05
"(18, 70)",0.03900978652760387
"(18, 71)",0.0001305213404702954
"(18, 72)",2.5370361062263007e-08
"(18, 77)",8.994771847881111e-07
"(18, 78)",5.0749507164305854e-09
"(18, 102)",8.606999932523094e-08
"(18, 132)",2.7204742991671083e-06
"(18, 133)",8.121651513874894e-06
"(18, 135)",6.222576980352556e-08
"(18, 136)",5.328974863800795e-06
"(18, 137)",6.186112032224856e-07
"(18, 161)",3.650762067319846e-08
"(18, 162)",9.210736304339662e-05
"(19, 8)",4.633066825426064e-08
"(19, 9)",1.5626520148790828e-07
"(19, 10)",3.095486994020291e-06
"(19, 11)",0.0002662389281476862
"(19, 12)",0.0009109762795583265
"(19, 13)",0.004155830926465569
"(19, 14)",0.010402321510482579
"(19, 15)",0.004135707981768064
"(19, 16)",0.04014007800142281
"(19, 17)",0.0010826310027914588
"(19, 18)",0.008987340224703076
"(19, 20)",0.03134620855387766
"(19, 21)",0.0009677981642016675
"(19, 22)",3.545989148733497e-05
"(19, 23)",0.0004950047469537822
"(19, 24)",9.15626843948303e-06
"(19, 63)",3.2855474215054413e-07
"(19, 67)",3.33938213118434e-08
"(19, 68)",2.3416129585029923e-06
"(19, 70)",2.6482433867869304e-06
"(19, 71)",7.620959299382451e-07
"(19, 77)",7.61142833977632e-07
"(19, 81)",9.842619007294217e-07
"(19, 132)",3.3095592516616535e-05
"(19, 133)",3.2536180123798885e-06
"(19, 160)",1.7367607467733137e-06
"(19, 161)",5.965075070335502e-07
"(19, 162)",2.873381665949637e-05
"(20, 6)",6.930374316094223e-09
"(20, 7)",4.70866066477091e-07
"(20, 8)",1.827447132836113e-06
"(20, 9)",4.221006323816991e-08
"(20, 11)",3.4376575644756715e-07
"(20, 12)",0.0011291206131863872
"(20, 13)",0.0007739863284223248
"(20, 14)",0.00038440599855675827
"(20, 15)",3.426329189970545e-07
"(20, 16)",3.304986077665717e-06
"(20, 17)",2.520881742995584e-07
"(20, 18)",0.0002915870062497561
"(20, 19)",0.03134620855387766
"(20, 21)",0.01008893956313841
"(20, 22)",0.0021503795296302997
"(20, 23)",0.011748982389690354
"(20, 24)",4.7163127248950335e-06
"(20, 25)",4.12779348657466e-07
"(20, 26)",1.9789538621921566e-05
"(20, 27)",1.027363597471681e-07
"(20, 63)",1.7176880325697063e-08
"(20, 67)",7.320068074713913e-08
"(20, 70)",7.322047661961762e-08
"(20, 71)",4.193694115230603e-09
"(20, 81)",6.140030124982448e-08
"(20, 131)",4.438814988230177e-06
"(20, 132)",0.028961551902320935
"(20, 133)",0.025562743731497903
"(20, 134)",2.8771870030652736e-05
"(20, 135)",9.967947601353444e-05
"(20, 136)",1.1296173599220084e-05
"(20, 137)",8.900550987467951e-07
"(20, 138)",4.387847397496005e-07
"(20, 159)",1.991628244470587e-06
"(20, 160)",0.020743078798404896
"(20, 161)",0.019193721769261173
"(20, 162)",0.04033621735638007
"(20, 163)",1.9441338345131954e-05
"(20, 164)",1.6763619349546842e-07
"(20, 166)",7.059031912781677e-07
"(20, 167)",4.546946956978104e-06
"(21, 13)",9.589250453245768e-06
"(21, 14)",0.01793067798578704
"(21, 15)",6.738990350640961e-07
"(21, 16)",8.761285628302383e-08
"(21, 18)",6.070980321921191e-08
"(21, 19)",0.0009677981642016675
"(21, 20)",0.01008893956313841
"(21, 22)",0.08073202554136515
"(21, 23)",0.0007908482092898339
"(21, 24)",1.0276624440734849e-05
"(21, 25)",6.789203888786233e-06
"(21, 26)",5.373982375544984e-07
"(21, 132)",1.946997856236976e-06
"(21, 133)",6.400046002852378e-07
"(21, 135)",1.0689321377901123e-08
"(21, 160)",0.00017714625881126266
"(21, 161)",6.067108837669366e-05
"(21, 162)",4.7418367539648895e-05
"(21, 163)",5.608590511201328e-06
"(21, 164)",1.0487006853310277e-06
"(21, 167)",1.0806487652464752e-07
"(22, 8)",6.626037045265321e-07
"(22, 12)",3.252755629924918e-08
"(22, 13)",0.0005180731018299412
"(22, 14)",0.03610316037462326
"(22, 15)",1.3545305721730523e-07
"(22, 19)",3.545989148733497e-05
"(22, 20)",0.0021503795296302997
"(22, 21)",0.08073202554136515
"(22, 23)",0.4936120768636465
"(22, 24)",0.009247841884498485
"(22, 25)",0.05402306470554322
"(22, 26)",0.0024549106450285764
"(22, 27)",2.6014675478336356e-05
"(22, 28)",5.408674853996241e-07
"(22, 29)",3.082244395216094e-06
"(22, 30)",2.8676440078710258e-08
"(22, 81)",2.373171629983517e-06
"(22, 83)",1.47126189250789e-07
"(22, 131)",5.913092465448244e-07
"(22, 132)",8.861615709065517e-05
"(22, 133)",1.4628573314467986e-06
"(22, 134)",2.013919968835154e-07
"(22, 158)",2.843594506038759e-08
"(22, 159)",1.4395871795613856e-06
"(22, 160)",0.013245319564593955
"(22, 161)",4.486137055664585e-05
"(22, 162)",5.913887794392209e-07
"(22, 167)",1.1286244486354378e-08
"(23, 6)",3.877765363134876e-09
"(23, 7)",1.1600450257276407e-07
"(23, 8)",0.0008480692775447097
"(23, 9)",2.9363739791676833e-07
"(23, 10)",2.4156629578442333e-06
"(23, 11)",7.091840760864443e-08
"(23, 12)",3.226854235208521e-05
"(23, 13)",0.4535618578642607
"(23, 14)",0.030924892570474184
"(23, 15)",2.4945504722495572e-06
"(23, 16)",2.6308923659712493e-06
"(23, 18)",6.73927795391549e-08
"(23, 19)",0.0004950047469537822
"(23, 20)",0.011748982389690354
"(23, 21)",0.0007908482092898339
"(23, 22)",0.4936120768636465
"(23, 24)",0.17886987913399935
"(23, 25)",0.011448426209535683
"(23, 26)",0.04215777549543418
"(23, 27)",0.004962392947782064
"(23, 28)",1.2552505098291606e-06
"(23, 29)",6.638091718969008e-06
"(23, 30)",3.622414532422624e-06
"(23, 81)",0.0009431288742052856
"(23, 82)",2.8098800971321223e-07
"(23, 83)",1.011223160787722e-05
"(23, 84)",1.721414400321919e-06
"(23, 130)",2.9761088775972064e-08
"(23, 131)",0.0001255872967414007
"(23, 132)",0.02188210436492227
"(23, 133)",3.058782601783605e-05
"(23, 134)",3.668470552457076e-07
"(23, 158)",1.5613491082055004e-07
"(23, 159)",3.4816006664328825e-06
"(23, 160)",0.016332922064175363
"(23, 161)",2.204084782533755e-05
"(23, 162)",6.100051085233815e-07
"(24, 8)",3.890357909767772e-05
"(24, 10)",1.582879039915497e-05
"(24, 12)",7.50531703832223e-08
"(24, 13)",0.0791528138378635
"(24, 14)",0.04521905103698373
"(24, 15)",1.565572689514738e-05
"(24, 16)",1.4949704723221657e-06
"(24, 19)",9.15626843948303e-06
"(24, 20)",4.7163127248950335e-06
"(24, 21)",1.0276624440734849e-05
"(24, 22)",0.009247841884498485
"(24, 23)",0.17886987913399935
"(24, 25)",0.13152793439105154
"(24, 26)",0.00046678967744810505
"(24, 27)",0.02188264870317653
"(24, 28)",0.0008420027950531051
"(24, 29)",1.17204964794837e-05
"(24, 30)",7.285743678409062e-07
"(24, 31)",3.845207295826484e-07
"(24, 81)",0.0844941373867914
"(24, 82)",9.549410321142204e-05
"(24, 83)",0.00855238819582155
"(24, 84)",5.487319458410411e-06
"(24, 131)",6.015346978660574e-07
"(24, 132)",9.436505351914092e-06
"(24, 160)",5.409074762781075e-06
"(25, 8)",1.392250623837299e-06
"(25, 13)",5.795620887511177e-05
"(25, 14)",0.0003050832629855904
"(25, 20)",4.12779348657466e-07
"(25, 21)",6.789203888786233e-06
"(25, 22)",0.05402306470554322
"(25, 23)",0.011448426209535683
"(25, 24)",0.13152793439105154
"(25, 26)",0.007050113615114242
"(25, 27)",0.003586166159948334
"(25, 28)",0.0073878063393658525
"(25, 29)",0.004681023564771749
"(25, 30)",6.307119971324937e-06
"(25, 31)",1.0098305264705232e-06
"(25, 32)",3.149790734653379e-06
"(25, 81)",3.763106086807966e-05
"(25, 82)",5.0137689817134615e-08
"(25, 83)",0.0001789767683840182
"(25, 84)",3.772967382786874e-07
"(25, 131)",2.4915258553193096e-07
"(25, 132)",1.0863994359056051e-06
"(25, 157)",1.9193754849448577e-08
"(25, 158)",1.480062681906702e-06
"(25, 159)",6.83422738223527e-08
"(25, 160)",3.6975721518501816e-05
"(26, 5)",1.3413630699687929e-05
"(26, 6)",1.8739179763826996e-06
"(26, 7)",1.199637685189714e-07
"(26, 8)",0.003578955538177979
"(26, 12)",1.2922607965037968e-07
"(26, 13)",0.0001473968194659392
"(26, 14)",2.0610938001475176e-06
"(26, 20)",1.9789538621921566e-05
"(26, 21)",5.373982375544984e-07
"(26, 22)",0.0024549106450285764
"(26, 23)",0.04215777549543418
"(26, 24)",0.00046678967744810505
"(26, 25)",0.007050113615114242
"(26, 27)",0.0342158354842104
"(26, 28)",3.5212309011001252e-06
"(26, 29)",0.011966985570034012
"(26, 30)",0.01729326960630715
"(26, 31)",6.846198754999477e-06
"(26, 32)",5.145232410086464e-07
"(26, 33)",2.0962359700504863e-07
"(26, 34)",1.463853569415272e-08
"(26, 81)",9.920407230765703e-06
"(26, 83)",3.295526627766776e-06
"(26, 84)",3.9630368351026843e-05
"(26, 129)",5.517182232811743e-09
"(26, 130)",0.0004788427562016295
"(26, 131)",0.01750456986716017
"(26, 132)",0.006166024014237337
"(26, 133)",1.1465547500506545e-05
"(26, 134)",9.384420271771887e-06
"(26, 138)",2.903565688825438e-06
"(26, 154)",1.121429438200039e-09
"(26, 155)",5.171666946779396e-07
"(26, 156)",4.741969743093932e-07
"(26, 157)",1.5378200178020052e-05
"(26, 158)",0.004504944250220433
"(26, 159)",0.003022150312899612
"(26, 160)",0.04211272244341671
"(26, 161)",1.094785708460222e-05
"(26, 184)",3.834445847338548e-07
"(27, 5)",2.491063849902275e-05
"(27, 6)",2.9951924027288276e-08
"(27, 7)",2.3445708997842918e-08
"(27, 8)",0.04765510005876422
"(27, 9)",4.0858276271649176e-07
"(27, 10)",4.591572358663143e-06
"(27, 12)",5.572181369583816e-08
"(27, 13)",0.0021579450028366407
"(27, 14)",2.6102807774464053e-06
"(27, 20)",1.027363597471681e-07
"(27, 22)",2.6014675478336356e-05
"(27, 23)",0.004962392947782064
"(27, 24)",0.02188264870317653
"(27, 25)",0.003586166159948334
"(27, 26)",0.0342158354842104
"(27, 28)",0.0009950784769898746
"(27, 29)",0.003422217361512594
"(27, 30)",0.01447581424145028
"(27, 31)",0.004313856848457362
"(27, 32)",1.3323710641088838e-05
"(27, 34)",4.881689650215347e-07
"(27, 45)",3.632753897253593e-08
"(27, 80)",1.164600528795745e-05
"(27, 81)",0.03595256978762336
"(27, 82)",0.00018002647715547937
"(27, 83)",0.04732626393553801
"(27, 84)",0.10050613183528184
"(27, 85)",3.112294702134477e-06
"(27, 86)",1.5803594655494635e-06
"(27, 130)",2.4211085906244988e-06
"(27, 131)",0.0003046976176665339
"(27, 132)",6.623683001635073e-05
"(27, 158)",7.140949402355545e-06
"(27, 159)",1.4347952228987992e-07
"(27, 160)",5.395320675916082e-06
"(28, 8)",1.2720056510541486e-08
"(28, 13)",1.500089175576002e-07
"(28, 14)",7.231464818909524e-08
"(28, 22)",5.408674853996241e-07
"(28, 23)",1.2552505098291606e-06
"(28, 24)",0.0008420027950531051
"(28, 25)",0.0073878063393658525
"(28, 26)",3.5212309011001252e-06
"(28, 27)",0.0009950784769898746
"(28, 29)",0.0016412234729796182
"(28, 30)",2.374574013970232e-06
"(28, 31)",0.0004365111163497204
"(28, 32)",0.00429522090984392
"(28, 81)",2.8770122736148096e-05
"(28, 82)",4.821468255471473e-06
"(28, 83)",0.05135990388516802
"(28, 84)",3.6000346014475327e-06
"(28, 85)",5.408798366599956e-07
"(29, 5)",4.5810759396299453e-07
"(29, 8)",2.6058266990958148e-06
"(29, 13)",1.7308390169465492e-08
"(29, 22)",3.082244395216094e-06
"(29, 23)",6.638091718969008e-06
"(29, 24)",1.17204964794837e-05
"(29, 25)",0.004681023564771749
"(29, 26)",0.011966985570034012
"(29, 27)",0.003422217361512594
"(29, 28)",0.0016412234729796182
"(29, 30)",0.02809009661199525
"(29, 31)",0.002038947194159846
"(29, 32)",0.024787548168096692
"(29, 33)",7.678833226691495e-05
"(29, 34)",6.8252495110243675e-06
"(29, 35)",1.2742134496335211e-06
"(29, 36)",5.027501110816956e-06
"(29, 37)",1.3315839592784133e-08
"(29, 81)",2.1687877945803154e-07
"(29, 83)",1.4887786533108737e-05
"(29, 84)",1.6259300930983045e-05
"(29, 85)",6.855125835058024e-08
"(29, 130)",1.0291090792975411e-05
"(29, 131)",2.687436881387839e-06
"(29, 132)",5.00874653797112e-08
"(29, 155)",4.3429995116639475e-07
"(29, 157)",7.599102422773286e-05
"(29, 158)",0.014123560470761732
"(29, 159)",1.4905550216326446e-06
"(29, 160)",1.3865310366156791e-06
"(29, 184)",3.978010026821264e-05
"(30, 3)",0.00022384543341104292
"(30, 4)",1.3387473382309168e-07
"(30, 5)",0.017714285568799823
"(30, 6)",2.826887462106242e-06
"(30, 8)",0.0023638616452808492
"(30, 13)",1.8340555056894915e-07
"(30, 22)",2.8676440078710258e-08
"(30, 23)",3.622414532422624e-06
"(30, 24)",7.285743678409062e-07
"(30, 25)",6.307119971324937e-06
"(30, 26)",0.01729326960630715
"(30, 27)",0.01447581424145028
"(30, 28)",2.374574013970232e-06
"(30, 29)",0.02809009661199525
"(30, 31)",0.015900250812665037
"(30, 32)",8.416529635724146e-05
"(30, 33)",0.0007227084672922501
"(30, 34)",0.0029055181284275023
"(30, 35)",1.5697487941679355e-06
"(30, 36)",5.958843805942138e-08
"(30, 37)",3.6226905219239626e-08
"(30, 38)",1.8138408889689879e-06
"(30, 40)",8.529841284143913e-07
"(30, 43)",3.6209166563594408e-06
"(30, 45)",3.019692936447882e-06
"(30, 80)",7.812457839406761e-07
"(30, 81)",7.305700807869186e-07
"(30, 83)",3.819959951343321e-06
"(30, 84)",0.009663447563070804
"(30, 85)",4.509798713456803e-06
"(30, 86)",7.972747712869932e-07
"(30, 88)",7.680974195523049e-07
"(30, 89)",2.1901301423099538e-06
"(30, 128)",8.18550200776258e-08
"(30, 129)",4.6096270953199794e-07
"(30, 130)",0.02188443875173107
"(30, 131)",0.002798940828652121
"(30, 132)",5.688944511348381e-06
"(30, 138)",1.2779834307252713e-07
"(30, 155)",1.4084166921293217e-05
"(30, 157)",4.51408822591759e-06
"(30, 158)",0.030529368589632212
"(30, 159)",1.7215476902947556e-05
"(30, 160)",1.7135727200923157e-06
"(30, 184)",8.374592501163145e-06
"(31, 3)",2.481750798255801e-07
"(31, 5)",2.2152878086877654e-05
"(31, 8)",1.1736524056793485e-05
"(31, 24)",3.845207295826484e-07
"(31, 25)",1.0098305264705232e-06
"(31, 26)",6.846198754999477e-06
"(31, 27)",0.004313856848457362
"(31, 28)",0.0004365111163497204
"(31, 29)",0.002038947194159846
"(31, 30)",0.015900250812665037
"(31, 32)",0.02141217629192397
"(31, 33)",9.102825284514893e-06
"(31, 34)",0.005055999150599746
"(31, 35)",0.0010530600532365497
"(31, 36)",3.1725709402508073e-06
"(31, 37)",2.2042783485460732e-08
"(31, 38)",5.097845148894413e-07
"(31, 43)",4.246528800336618e-07
"(31, 45)",6.118578610954463e-09
"(31, 80)",4.954094248489868e-07
"(31, 81)",2.766882533080661e-06
"(31, 82)",1.3925420650906516e-06
"(31, 83)",0.0008108432414246636
"(31, 84)",0.043963439700310115
"(31, 85)",0.05165031763142906
"(31, 86)",8.4500301412902e-05
"(31, 87)",4.450120045248695e-05
"(31, 88)",2.3910005055114425e-05
"(31, 89)",2.7225769280901194e-06
"(31, 130)",4.5540917131407085e-07
"(31, 131)",8.855286578087392e-08
"(31, 158)",3.5614844187747964e-06
"(32, 25)",3.149790734653379e-06
"(32, 26)",5.145232410086464e-07
"(32, 27)",1.3323710641088838e-05
"(32, 28)",0.00429522090984392
"(32, 29)",0.024787548168096692
"(32, 30)",8.416529635724146e-05
"(32, 31)",0.02141217629192397
"(32, 33)",2.0607261394616216e-05
"(32, 34)",3.3611460721090226e-05
"(32, 35)",0.0035528106149286033
"(32, 36)",0.006776094653760083
"(32, 37)",1.6547415680179256e-06
"(32, 38)",2.062357816619673e-07
"(32, 83)",7.625699164464095e-06
"(32, 84)",1.7696373612352546e-06
"(32, 85)",1.1282563268650848e-05
"(32, 158)",4.5982942140199155e-06
"(32, 184)",3.5985777006159545e-07
"(33, 1)",1.2748165474363303e-07
"(33, 3)",0.0008291362701129401
"(33, 5)",2.7099350782577857e-06
"(33, 26)",2.0962359700504863e-07
"(33, 29)",7.678833226691495e-05
"(33, 30)",0.0007227084672922501
"(33, 31)",9.102825284514893e-06
"(33, 32)",2.0607261394616216e-05
"(33, 34)",0.010841272950347047
"(33, 35)",6.932565413990232e-05
"(33, 36)",0.0001775638478648034
"(33, 37)",0.018794367380905896
"(33, 38)",0.07849916327543724
"(33, 39)",1.2426455281655536e-06
"(33, 40)",0.0023114202459692023
"(33, 43)",2.6482904289082397e-06
"(33, 84)",2.4888028842119345e-09
"(33, 88)",1.409655179962499e-07
"(33, 128)",6.57981739823299e-05
"(33, 129)",1.9864717469374105e-08
"(33, 130)",0.00021084175827127183
"(33, 131)",5.3438915131066975e-08
"(33, 153)",1.2150130861598995e-06
"(33, 155)",0.0026667788714985364
"(33, 157)",8.145349264168544e-05
"(33, 158)",0.009724999222671614
"(33, 159)",3.5671263804992747e-08
"(33, 182)",3.5803654359511937e-07
"(33, 183)",4.604375852998458e-07
"(33, 184)",0.037272199893694735
"(34, 2)",2.2356494651987192e-07
"(34, 3)",0.0029959961242275314
"(34, 4)",1.3995949597931243e-08
"(34, 5)",0.00034646448291823616
"(34, 8)",7.291009800841013e-08
"(34, 26)",1.463853569415272e-08
"(34, 27)",4.881689650215347e-07
"(34, 29)",6.8252495110243675e-06
"(34, 30)",0.0029055181284275023
"(34, 31)",0.005055999150599746
"(34, 32)",3.3611460721090226e-05
"(34, 33)",0.010841272950347047
"(34, 35)",0.007410506878513843
"(34, 36)",1.0261738832468837e-05
"(34, 37)",0.0003076092983064882
"(34, 38)",0.0348216041583305
"(34, 39)",4.5067772893603364e-07
"(34, 40)",0.000924933858186705
"(34, 43)",0.0062053105095401405
"(34, 44)",2.3510488652789263e-07
"(34, 45)",5.567674981854509e-07
"(34, 84)",5.042967757560746e-05
"(34, 85)",0.0003056351528994128
"(34, 86)",3.5495899609827576e-06
"(34, 87)",6.048404312423372e-05
"(34, 88)",0.012427547996630893
"(34, 89)",5.627718242067204e-05
"(34, 90)",2.429662365521779e-07
"(34, 128)",3.106400412988819e-07
"(34, 130)",1.7866193086035765e-05
"(34, 131)",2.8851431174563276e-08
"(34, 155)",4.632036441333427e-07
"(34, 158)",1.1884261085128855e-05
"(34, 184)",5.795626159908232e-07
"(35, 29)",1.2742134496335211e-06
"(35, 30)",1.5697487941679355e-06
"(35, 31)",0.0010530600532365497
"(35, 32)",0.0035528106149286033
"(35, 33)",6.932565413990232e-05
"(35, 34)",0.007410506878513843
